Version: 108000
Number of Variables: 10
Number of Objectives: 2
Number of Constraints: 10
Lower Bounds: 0 0 0 0 0 0 0 0 0 0
Upper Bounds: 1 1 1 1 1 1 1 1 1 1
Epsilons: 0.01 0.01
Number of Operators: 6
Operator Selection Probabilities: 0.16666666666666666 0.16666666666666666 0.16666666666666666 0.16666666666666666 0.16666666666666666 0.16666666666666666
Number of Evaluations: 10
Tournament Size: 2
Window Size: 200
Maximum Window Size: 20000
Initial Population Size: 100
Minimum Population Size: 100
Maximum Population Size: 10000
Population Ratio: 4
Selection Ratio: 0.02
Evaluations At Last Check: 0
Evaluations At Last Restart: 0
Update Interval: 100
Operations Since Last Update: 0
Improvements At Last Check: 0
Restart Mode: 0
Restarted Last Check: 0
Base Mutation Index: 0
Max Mutation Index: 10
Probability Mode: 0
Number of Restarts: 0
Population Size: 10
Population Capacity: 100
Population:
 0.13391978878851976 0.26731411397161758 0.14261269409735983 0.55714937219329863 0.019723199778172003 0.80956951757184448 0.98710126778741858 0.12114592365015901 0.7162905218350446 0.2111740345627009 1.9780460046509978 0.42235153781419377 0 0 0 0 0 0 0 0 0 0 -1 <no_id>
 0.22826771490002695 0.59112549470530951 0.16627184491750593 0.75486111309259685 0.83886554530795332 0.91630198036234412 0.062447613585378883 0.80569832138849851 0.76116164139498999 0.86950347546243656 1.8376068261253466 0.68866540150439703 0 0 0 0 0 0 0 0 0 0 -1 <no_id>
 0.85388587667930071 0.43093805257951329 0.34821998615474903 0.49445399234407905 0.26660982269481986 0.4160513620395333 0.94802722263802475 0.7824764209293007 0.98769009299289667 0.84058762617422911 0.39215597473660246 1.6785171684156965 0 0 0 0 0 0 0 0 0 0 -1 <no_id>
 0.11880539779523513 0.46569037238734085 0.22562354342677246 0.58643519449663239 0.028689658043135342 0.9619586523533703 0.45199477287288631 0.59343797145258592 0.11417650690166664 0.56667238696633659 1.6545742386037605 0.31241031298270283 0 0 0 0 0 0 0 0 0 0 -1 <no_id>
 0.0023910570895278494 0.53632871004201677 0.28615428816670418 0.21813415671189645 0.41148238103172796 0.4737863793209629 0.64209556175444638 0.94231513909583797 0.86530541928142901 0.44020097200763436 1.4878679497058425 0.0055882554898105978 0 0 0 0 0 0 0 0 0 0 -1 <no_id>
 0.39030597996672289 0.12711569157594715 0.27227350121184102 0.14526055593631709 0.34957650684508879 0.70450829195429299 0.24059279780848716 0.99172824527875714 0.00044167460884006568 0.81095163449900032 1.6656244142089243 1.1718168302661016 0 0 0 0 0 0 0 0 0 0 -1 <no_id>
 0.59421297106757132 0.099523980892152517 0.99399673775629993 0.65208080565838167 0.96950782206130859 0.53595540196074998 0.1965488209846776 0.49167290364663885 0.27196439711189929 0.014720027338415391 1.2074417479359965 1.6305236510799586 0 0 0 0 0 0 0 0 0 0 -1 <no_id>
 0.054143999250173568 0.23022523807134135 0.9130400891678967 0.50286633253629931 0.55150785892072784 0.9773980898264325 0.73755727562530837 0.15725893461081641 0.36701497560530316 0.95897753931558172 1.8694195096268111 0.15937708768968961 0 0 0 0 0 0 0 0 0 0 -1 <no_id>
 0.048486985510328547 0.17559447911931073 0.20844879122647661 0.094263390892712254 0.083474590229679499 0.27931486099942465 0.37338893217346375 0.91283856889066251 0.58810319695344737 0.79402549094381403 1.8523521957171163 0.141354461515911 0 0 0 0 0 0 0 0 0 0 -1 <no_id>
 0.6766140755909994 0.7477272659884131 0.7771628263353284 0.62524698759085662 0.90899933220562512 0.53964025516520264 0.13745859082263395 0.19800760741299195 0.82097117715072143 0.11224338368332092 0.87492074142735399 1.5716167860863974 0 0 0 0 0 0 0 0 0 0 -1 <no_id>
Archive Size: 3
Archive:
 0.85388587667930071 0.43093805257951329 0.34821998615474903 0.49445399234407905 0.26660982269481986 0.4160513620395333 0.94802722263802475 0.7824764209293007 0.98769009299289667 0.84058762617422911 0.39215597473660246 1.6785171684156965 0 0 0 0 0 0 0 0 0 0 -1 <no_id>
 0.0023910570895278494 0.53632871004201677 0.28615428816670418 0.21813415671189645 0.41148238103172796 0.4737863793209629 0.64209556175444638 0.94231513909583797 0.86530541928142901 0.44020097200763436 1.4878679497058425 0.0055882554898105978 0 0 0 0 0 0 0 0 0 0 -1 <no_id>
 0.6766140755909994 0.7477272659884131 0.7771628263353284 0.62524698759085662 0.90899933220562512 0.53964025516520264 0.13745859082263395 0.19800760741299195 0.82097117715072143 0.11224338368332092 0.87492074142735399 1.5716167860863974 0 0 0 0 0 0 0 0 0 0 -1 <no_id>
Number of Improvements: 7
Recency List Size: 50
Recency List Position: 7
Recency List: -1 -1 -1 -1 -1 -1 -1 -1 -1 -1 -1 -1 -1 -1 -1 -1 -1 -1 -1 -1 -1 -1 -1 -1 -1 -1 -1 -1 -1 -1 -1 -1 -1 -1 -1 -1 -1 -1 -1 -1 -1 -1 -1 -1 -1 -1 -1 -1 -1 -1
RNG State Length: 624
RNG State: 3060492612 1078546617 347024049 1190903960 777646974 2919368083 1360087961 3107775054 3702732660 2145312518 1702904713 3032040700 1764085125 627559922 1700839432 1403528188 2452014995 755522876 1253974348 3523752366 3072601616 2739628023 425166598 2133914466 1387741160 1754826951 3553865750 3345932801 3270284115 4179951793 2770780270 3762192556 1245807158 3368183798 739582515 2635656224 4004417734 2995858445 2148113701 2443148207 4153004164 1047414200 1351624965 3745747621 2885430008 954800346 1814087515 815695772 2731276376 4144709060 183614720 3826146647 1457280807 227371494 517361647 409357766 733281596 2603354154 2232431552 2616284458 727805610 1786687195 4011896075 2466544282 73758613 1015861524 3687355123 2368115614 872429608 3823731732 2882158465 2560945498 451521692 1020543221 1586199355 3725095828 683185794 2523257829 2339765238 3041846949 1939140244 1966774495 1978503900 2866057452 2479893929 3504253480 2101150106 3853691376 2055828879 1880707353 2000298458 3457291810 133725200 724643002 4080341495 2521073884 3435880928 1503185510 2167985897 3154770800 2570032767 1305061539 1757691520 1317907793 3666945936 80562622 441508923 633314086 765634686 2222203303 2888449140 1757083221 907506090 810369505 1117387461 2703323485 4199564330 3150675719 2055723479 2096837072 1103006540 3985048452 3251334815 96886338 2440818573 3030976968 3509180676 386572106 2213189483 1474398955 1001819208 3561827006 1350846854 838036045 3630341259 1304805461 2652930766 168578393 774031764 1872834938 4157395179 2763912784 3805802570 3390240199 4107184720 2106593718 2312100747 1563932909 1428296502 961344086 3701896890 2427150913 1125383243 2778370214 2045750297 726976979 834961546 2900479489 917816087 2798144408 3042154278 229752006 2136682094 2451234817 821427134 2787781640 557373088 2132327532 1504937966 917238613 677597947 2952993223 1310359017 907402611 3898879526 3341946538 433545132 3584677441 2784208653 3934688055 3014759171 3756169313 3336701591 693298086 3611400269 3594841285 733822832 891542395 455107810 2196191575 3840900284 4193134678 1627803668 2349341450 1815755950 3491871095 894827599 3866341440 4078903058 2055487381 3129649335 3848654813 502936909 2427735329 3172263445 1503169633 2462602666 335789056 3285879477 3026966004 1322945874 1235309849 1673411551 2806654089 2683222681 3541126118 139301509 2682840692 3829776895 838150753 2949392230 2863504210 1297137355 2156938685 1846979924 2840771381 2304130151 3277930345 2081486642 1742305233 2634672912 3792905622 3902551236 3836926341 2379786262 263542061 1149400250 2176746666 169223149 1437798658 3885607364 540697510 2163923528 177131737 3153607918 2794870965 3141489404 1488450213 2681380596 241723242 2167455340 1482934860 1730221203 2999542429 2818421104 782390025 1004264643 2681313775 1157517715 1533507270 3571003375 2611417883 3097363385 4193171497 1306334143 1146539765 904601000 1376895090 2503781250 3569079884 4286494456 3566478382 579830894 2997576379 3561202278 2655911083 1805622336 3143371010 1163848826 2865192364 2142626994 1894097186 275785905 2095018788 3443048281 2073595713 1605256947 3288424214 1224336398 3634165331 1347587645 1504598378 2015178244 342567129 1917441220 1653438036 3047212157 620530593 2194050804 3775385027 1453422877 154901408 4102567179 921341660 312123820 3041353316 699876274 2783484574 895375151 3497964651 707839536 3136119402 791719047 3708005251 4205065358 1242555033 1631807405 1644620693 194937195 1433222997 857320314 2098671290 496275489 2501868268 1612362691 2349281724 1412457443 3793678608 1632048255 2110783528 202979258 2119160260 2654069450 3209040428 2430111004 4140406228 2340383653 1494241328 2442792413 1527614292 2514667928 2327413815 387912416 3283732804 3278689215 916046069 1832109332 2430727520 3218673156 3117394878 210700516 3373743958 75045619 4070976956 1582753645 3032776680 3363210249 2359556016 3551310746 2294410627 911678910 2295047150 3685086427 3369932022 3976903845 3213120561 1787157904 75655158 283136595 3052771399 3686249303 2810258242 733996030 960628436 3236881606 4041180311 3971499154 173297003 2577152415 111422724 734427892 2635308232 1399911379 3894207887 3120473365 3802703831 2531322122 1688808591 1433820876 2748300260 3950916817 2190300862 4247596377 2976123818 115093160 2419503967 4250067868 61299593 2702326625 2359001256 3140589226 3886169014 2763561498 124837444 4126996393 1575250831 393999362 3266256223 41388333 159535282 1307890339 3249344995 1266196422 831952358 720389395 2538748677 2775274903 1425993352 2967515090 3591122971 2772430494 3961313201 559544467 3156065413 339041658 558874011 2744622274 488550018 1421773842 1907424336 2827776402 2147569624 681150629 2608332778 85254692 1760620445 2971568292 4282066703 3152267156 3173358489 951836348 463533668 1276658088 3146599035 2226883822 1560862552 44438780 2220425401 2012483445 1084194095 906753702 2471471140 237890772 4085954755 106207510 795097617 2553374420 3693057703 2910451748 2719402603 2086453863 3118130568 631099070 91752868 1998281041 2067507734 608265842 257972487 206740983 940836707 2534034850 141395502 586797315 3087296222 93432470 3167957726 1364127950 3307082944 2260443571 2807146640 1395338634 826048822 3141941755 3175502960 1779625717 126983999 119979647 4115046752 1764858969 1021024879 366663377 499884510 1166923376 143685001 3667478845 2721909361 221890552 57775324 1794009963 1366850123 2856711252 3406545319 3339929431 370673324 667948133 700774388 1366456638 4125367391 2883487885 713848505 4072154977 2179402809 3592793567 2622589247 867204960 1492281572 3791136209 1447760307 2988822476 1455527279 1337915941 2839922430 1897379134 453044306 2895548690 741234143 1888443787 1807743773 1365577265 318201378 1022245904 3704851330 1606289919 1244227060 4190127221 1797499095 2092422324 3308448335 953221118 3424249107 3407517168 2965530387 1199501250 2582147163 2724445703 3987460127 1362156433 3261371237 598689660 3124953886 2537915993 30959779 3317527206 475122856 2051127269 1507085427 3703368599 3111404788 1307429679 2931192674 3456992716 2916532625 3568556451 544862528 2023769419 4042282053 4044844317 1252119181 2793470375 813004713 3547178668 2216623479 929412010 3385357555 1052188345 2788169455 3168624525 3454860902 3389405560 633501572 3386648903 276305680 960732530 1314240998 2029328551 3257916172 2373711663 2635094492 3174203072 4099737400 1544380512 1665188906 3812754056 1053849189 2354349870 2579907338 4026544469 62006031 3034871742 1076362231 3637146852 4145040735 1231563770 1683262113 563933930 3052895788 3143163200 1635036353 4214415509 3642330516 4210304863 3303715658 4016290174 1567310597 2155516802 597556380 3859288237 208001768 4283273759 1894171112 3590041127 2298999017 2008859755 3865532222
RNG Index: 376
Next Guassian: 0
Have Next Guassian: 0
